25
0 42 18 35 1 20 25 29 9 13 15 6 46 32 28 12 42 46 43 28 37 42 5 3 4 43 
33 0 22 17 19 46 48 27 22 39 20 13 18 50 36 45 4 12 23 34 24 15 42 12 4 19 
48 45 0 13 8 38 10 24 42 30 29 17 36 41 43 39 7 41 43 15 49 47 6 41 30 21 
1 7 2 0 44 49 30 24 35 5 7 41 17 27 32 9 45 40 27 24 38 39 19 33 30 42 
34 16 40 9 0 5 31 28 7 24 37 22 46 25 23 21 30 28 24 48 13 37 41 12 37 6 
18 6 25 32 3 0 1 1 42 25 17 31 8 42 8 38 8 38 4 34 46 10 10 9 22 39 
23 47 7 31 14 19 0 1 42 13 6 11 10 25 38 49 34 46 42 3 1 42 37 25 21 47 
22 49 50 19 35 32 35 0 4 50 19 39 1 39 28 18 29 44 49 34 8 22 11 18 14 15 
10 17 36 2 1 50 20 7 0 49 4 25 9 45 10 40 3 46 36 44 44 24 38 15 4 49 
1 9 19 31 47 49 32 40 49 0 10 8 23 23 39 43 39 30 41 8 9 42 16 39 7 12 
3 35 23 6 29 47 13 37 26 34 0 20 43 45 17 32 49 23 2 22 50 8 27 43 40 26 
13 1 11 4 20 12 39 2 40 6 24 0 3 36 33 36 39 27 18 8 33 33 20 5 22 40 
27 30 19 43 26 6 35 50 42 13 46 11 0 19 4 40 24 30 47 38 30 50 38 17 50 44 
46 48 17 37 6 39 33 6 35 15 2 17 22 0 37 14 14 6 36 4 13 9 33 46 14 7 
22 9 47 33 32 45 47 23 30 12 36 1 24 17 0 45 10 43 40 4 25 5 11 46 50 37 
14 25 23 19 19 38 6 9 42 3 26 28 15 15 25 0 35 25 23 10 34 21 38 48 19 28 
24 21 14 19 43 36 3 31 14 28 3 50 28 26 44 25 0 24 23 12 32 4 33 6 44 26 
32 43 43 23 37 15 1 38 11 14 25 21 21 36 34 12 11 0 47 18 36 1 41 45 46 25 
20 26 27 45 9 3 22 17 29 44 2 35 19 15 20 3 1 38 0 11 27 11 8 21 16 27 
28 44 9 15 10 33 37 16 38 28 25 26 28 30 29 24 21 3 13 0 24 47 38 12 46 26 
15 11 3 17 31 27 12 22 12 48 4 21 41 25 39 14 41 2 13 30 0 1 14 9 29 16 
8 28 1 9 40 4 11 8 25 28 9 14 38 2 1 11 29 44 35 6 41 0 12 5 36 7 
23 1 24 36 7 17 27 8 27 8 38 22 20 12 47 23 18 13 18 47 36 42 0 24 30 30 
16 10 33 47 6 4 13 35 35 5 23 8 20 33 14 8 34 12 36 18 49 26 39 0 24 43 
5 12 42 26 10 26 22 21 27 35 6 34 1 49 30 2 44 35 38 35 7 44 27 6 0 13 
49 32 1 14 42 6 6 43 13 12 28 25 29 3 44 47 24 41 14 26 23 19 11 18 33 0 
